{
 "cells": [
  {
   "metadata": {},
   "cell_type": "code",
   "outputs": [],
   "execution_count": 13,
   "source": [
    "# 1  导入相关的库（4分）\n",
    "from surprise import Dataset, Reader\n",
    "from surprise import KNNBasic\n",
    "import numpy as np\n",
    "import matplotlib.pyplot as plt\n",
    "import pandas as pd\n",
    "import sklearn as sk\n",
    "plt.rcParams['font.family'] = 'SimHei'\n",
    "plt.rcParams['axes.unicode_minus'] = False\n",
    "from sklearn.model_selection import train_test_split\n",
    "\n",
    "# 2  自行定义基于物品或者用户推荐的函数（4分）\n",
    "def user_base_func(user_id, x_train,y_train, testset, k=10):\n",
    "    # 实例化KNNBasic算法，并设置基于用户的相似度选项  \n",
    "    # 这将计算用户之间的相似度分数  \n",
    "    model = KNNBasic(sim_options={'user_based': True})\n",
    "    # 计算用户和物品之间的相似度 \n",
    "    model.fit(x_train,y_train)\n",
    "    # 从训练集中构建一个反测试集，用于进行预测  \n",
    "    # 反测试集包含指定用户没有评分的所有物品  \n",
    "    # testset = x_train,y_train.build_anti_testset()\n",
    "    # 通过传入的testset测试算法，以获取用户的预测评分  \n",
    "    predictions = model.test(testset)\n",
    "    # 过滤预测结果，只保留指定用户的预测  \n",
    "    user_predictions = [pred for pred in predictions if pred.uid == user_id]\n",
    "    # 根据估计的评分以降序方式对用户的预测进行排序  # 这会将物品从最推荐到最不推荐进行排名  \n",
    "    user_predictions.sort(key=lambda x: x.est, reverse=True)\n",
    "    # 返回用户的前k个推荐物品的物品ID列表  \n",
    "    return [pred.iid for pred in user_predictions[:k]], predictions\n",
    "\n",
    "\n",
    "# 基于物品推荐的函数\n",
    "def item_base_func(item_id, x_train,y_train, testset, k=10):\n",
    "    # 实例化KNNBasic算法，并设置基于用户的相似度选项  \n",
    "    # 这将计算用户之间的相似度分数  \n",
    "    model = KNNBasic(sim_options={'user_based': False})  #改关键参数  \n",
    "    # 计算用户和物品之间的相似度 \n",
    "    model.fit(x_train,y_train)\n",
    "    # 在反测试集上测试算法，以获取物品的预测评分  \n",
    "    predictions = model.test(testset)\n",
    "    # 过滤预测结果，只保留指定物品的预测  \n",
    "    item_predictions = [pred for pred in predictions if pred.iid == item_id]\n",
    "    # 根据估计的评分以降序方式对物品的预测进行排序  # 这会将用户从最推荐到最不推荐进行排名  \n",
    "    item_predictions.sort(key=lambda x: x.est, reverse=True)\n",
    "    # 返回用户的前k个推荐物品的用户ID列表  \n",
    "    return [pred.uid for pred in item_predictions[:k]], predictions"
   ],
   "id": "679d5761cab413d4"
  },
  {
   "metadata": {
    "ExecuteTime": {
     "end_time": "2024-10-05T06:14:43.696011Z",
     "start_time": "2024-10-05T06:14:43.686329Z"
    }
   },
   "cell_type": "code",
   "source": [
    "import pandas as pd\n",
    "\n",
    "a1 = pd.read_csv(\"E:///python代码/lx-yk/data-yk/yk2/sample_movielens_ratings.txt\", sep='::', engine='python',names=['用户', '电影', '打分', '打分时间'])\n",
    "print(a1)"
   ],
   "id": "eb98c0eab099009",
   "outputs": [
    {
     "name": "stdout",
     "output_type": "stream",
     "text": [
      "      用户  电影  打分        打分时间\n",
      "0      0   2   3  1424380312\n",
      "1      0   3   1  1424380312\n",
      "2      0   5   2  1424380312\n",
      "3      0   9   4  1424380312\n",
      "4      0  11   1  1424380312\n",
      "...   ..  ..  ..         ...\n",
      "1496  29  90   4  1424380312\n",
      "1497  29  93   1  1424380312\n",
      "1498  29  94   4  1424380312\n",
      "1499  29  97   1  1424380312\n",
      "1500  29  99   1  1424380312\n",
      "\n",
      "[1501 rows x 4 columns]\n"
     ]
    }
   ],
   "execution_count": 18
  },
  {
   "metadata": {
    "ExecuteTime": {
     "end_time": "2024-10-05T06:19:09.013622Z",
     "start_time": "2024-10-05T06:19:08.980619Z"
    }
   },
   "cell_type": "code",
   "source": [
    "rating_matrix = a1.pivot_table(index='用户', columns='电影', values='打分')\n",
    "\n",
    "rating_matrix.isnull().sum()\n",
    "rating_matrix=rating_matrix.fillna(0)\n",
    "print(rating_matrix)"
   ],
   "id": "1265845ac2d50e6",
   "outputs": [
    {
     "name": "stdout",
     "output_type": "stream",
     "text": [
      "电影   0    1    2    3    4    5    6    7    8    9   ...   90   91   92   93  \\\n",
      "用户                                                    ...                       \n",
      "0   0.0  0.0  3.0  1.0  0.0  2.0  0.0  0.0  0.0  4.0  ...  0.0  3.0  4.0  0.0   \n",
      "1   0.0  0.0  2.0  1.0  2.0  0.0  1.0  0.0  0.0  3.0  ...  0.0  1.0  2.0  1.0   \n",
      "2   0.0  0.0  0.0  0.0  3.0  0.0  1.0  0.0  5.0  1.0  ...  1.0  0.0  4.0  5.0   \n",
      "3   1.0  1.0  1.0  0.0  0.0  0.0  0.0  3.0  3.0  1.0  ...  0.0  1.0  0.0  0.0   \n",
      "4   0.0  1.0  0.0  0.0  0.0  0.0  1.0  0.0  1.0  1.0  ...  0.0  0.0  0.0  0.0   \n",
      "5   1.0  1.0  0.0  0.0  1.0  1.0  0.0  0.0  1.0  3.0  ...  4.0  2.0  0.0  0.0   \n",
      "6   1.0  1.0  3.0  0.0  0.0  1.0  1.0  0.0  0.0  1.0  ...  0.0  2.0  0.0  0.0   \n",
      "7   0.0  1.0  2.0  1.0  1.0  0.0  0.0  1.0  0.0  0.0  ...  0.0  0.0  2.0  0.0   \n",
      "8   1.0  0.0  4.0  2.0  2.0  1.0  0.0  1.0  0.0  1.0  ...  1.0  0.0  2.0  0.0   \n",
      "9   0.0  0.0  3.0  1.0  1.0  1.0  1.0  5.0  0.0  1.0  ...  3.0  0.0  0.0  0.0   \n",
      "10  3.0  0.0  4.0  0.0  3.0  0.0  0.0  1.0  1.0  0.0  ...  1.0  0.0  0.0  0.0   \n",
      "11  1.0  0.0  0.0  0.0  0.0  0.0  2.0  0.0  0.0  1.0  ...  4.0  0.0  0.0  0.0   \n",
      "12  0.0  0.0  1.0  0.0  1.0  0.0  1.0  3.0  1.0  0.0  ...  0.0  3.0  1.0  0.0   \n",
      "13  1.0  0.0  0.0  1.0  2.0  1.0  1.0  0.0  0.0  0.0  ...  1.0  0.0  0.0  4.0   \n",
      "14  0.0  1.0  0.0  3.0  1.0  1.0  1.0  1.0  0.0  1.0  ...  0.0  0.0  0.0  3.0   \n",
      "15  1.0  4.0  1.0  0.0  0.0  2.0  1.0  1.0  0.0  0.0  ...  0.0  2.0  0.0  0.0   \n",
      "16  0.0  0.0  1.0  0.0  0.0  3.0  2.0  1.0  0.0  1.0  ...  5.0  1.0  0.0  1.0   \n",
      "17  0.0  0.0  1.0  1.0  0.0  0.0  1.0  0.0  0.0  0.0  ...  5.0  3.0  1.0  1.0   \n",
      "18  0.0  1.0  0.0  0.0  3.0  2.0  1.0  1.0  0.0  0.0  ...  0.0  0.0  0.0  0.0   \n",
      "19  1.0  1.0  1.0  0.0  1.0  0.0  2.0  0.0  0.0  0.0  ...  4.0  0.0  0.0  1.0   \n",
      "20  1.0  1.0  2.0  0.0  2.0  0.0  1.0  0.0  1.0  0.0  ...  3.0  1.0  2.0  1.0   \n",
      "21  1.0  0.0  4.0  1.0  0.0  0.0  0.0  2.0  0.0  0.0  ...  0.0  0.0  2.0  0.0   \n",
      "22  1.0  0.0  0.0  2.0  0.0  2.0  2.0  0.0  0.0  1.0  ...  2.0  0.0  3.0  0.0   \n",
      "23  1.0  0.0  1.0  0.0  1.0  0.0  2.0  0.0  0.0  0.0  ...  0.0  0.0  0.0  0.0   \n",
      "24  0.0  0.0  0.0  0.0  1.0  0.0  3.0  1.0  0.0  0.0  ...  5.0  1.0  1.0  0.0   \n",
      "25  0.0  3.0  1.0  0.0  0.0  0.0  0.0  1.0  0.0  1.0  ...  0.0  3.0  1.0  0.0   \n",
      "26  1.0  1.0  1.0  1.0  4.0  2.0  3.0  5.0  0.0  0.0  ...  0.0  1.0  0.0  0.0   \n",
      "27  1.0  0.0  0.0  0.0  0.0  0.0  0.0  0.0  0.0  1.0  ...  1.0  1.0  1.0  1.0   \n",
      "28  3.0  1.0  4.0  1.0  0.0  0.0  1.0  1.0  0.0  0.0  ...  1.0  0.0  5.0  0.0   \n",
      "29  0.0  0.0  0.0  1.0  1.0  1.0  0.0  2.0  0.0  1.0  ...  4.0  0.0  0.0  1.0   \n",
      "\n",
      "电影   94   95   96   97   98   99  \n",
      "用户                                \n",
      "0   1.0  2.0  1.0  0.0  1.0  1.0  \n",
      "1   2.0  0.0  1.0  1.0  0.0  0.0  \n",
      "2   0.0  0.0  0.0  0.0  0.0  0.0  \n",
      "3   3.0  0.0  0.0  0.0  0.0  0.0  \n",
      "4   0.0  0.0  1.0  1.0  1.0  1.0  \n",
      "5   0.0  2.0  0.0  0.0  0.0  1.0  \n",
      "6   1.0  2.0  1.0  0.0  0.0  0.0  \n",
      "7   0.0  0.0  1.0  1.0  1.0  0.0  \n",
      "8   0.0  4.0  3.0  1.0  1.0  1.0  \n",
      "9   2.0  3.0  0.0  2.0  1.0  0.0  \n",
      "10  0.0  0.0  0.0  1.0  1.0  0.0  \n",
      "11  2.0  0.0  0.0  3.0  0.0  1.0  \n",
      "12  4.0  2.0  1.0  0.0  2.0  0.0  \n",
      "13  1.0  0.0  0.0  0.0  1.0  1.0  \n",
      "14  1.0  2.0  4.0  0.0  1.0  0.0  \n",
      "15  0.0  0.0  1.0  1.0  3.0  0.0  \n",
      "16  3.0  2.0  3.0  0.0  3.0  1.0  \n",
      "17  4.0  2.0  0.0  1.0  0.0  0.0  \n",
      "18  0.0  0.0  0.0  1.0  1.0  2.0  \n",
      "19  4.0  2.0  1.0  0.0  4.0  0.0  \n",
      "20  4.0  0.0  0.0  1.0  0.0  0.0  \n",
      "21  0.0  0.0  3.0  0.0  0.0  1.0  \n",
      "22  0.0  2.0  2.0  0.0  4.0  1.0  \n",
      "23  0.0  2.0  0.0  1.0  0.0  0.0  \n",
      "24  2.0  1.0  5.0  0.0  1.0  1.0  \n",
      "25  1.0  1.0  0.0  2.0  0.0  0.0  \n",
      "26  5.0  1.0  1.0  1.0  0.0  0.0  \n",
      "27  2.0  1.0  0.0  0.0  1.0  0.0  \n",
      "28  1.0  2.0  0.0  0.0  1.0  1.0  \n",
      "29  4.0  0.0  0.0  1.0  0.0  1.0  \n",
      "\n",
      "[30 rows x 100 columns]\n"
     ]
    }
   ],
   "execution_count": 24
  },
  {
   "metadata": {
    "ExecuteTime": {
     "end_time": "2024-10-05T06:18:58.515180Z",
     "start_time": "2024-10-05T06:18:58.481508Z"
    }
   },
   "cell_type": "code",
   "source": [
    "from sklearn.metrics.pairwise import cosine_similarity\n",
    "\n",
    "item_similarity_matrix = cosine_similarity(rating_matrix.T)\n",
    "print(item_similarity_matrix)"
   ],
   "id": "5d5b4ea16398ba91",
   "outputs": [
    {
     "name": "stdout",
     "output_type": "stream",
     "text": [
      "[[1.         0.38301617 0.70156076 ... 0.36109269 0.43519414 0.39774756]\n",
      " [0.38301617 1.         0.33071891 ... 0.46423835 0.43082022 0.20833333]\n",
      " [0.70156076 0.33071891 1.         ... 0.45621056 0.37219368 0.37796447]\n",
      " ...\n",
      " [0.36109269 0.46423835 0.45621056 ... 1.         0.22857516 0.37139068]\n",
      " [0.43519414 0.43082022 0.37219368 ... 0.22857516 1.         0.46159309]\n",
      " [0.39774756 0.20833333 0.37796447 ... 0.37139068 0.46159309 1.        ]]\n"
     ]
    }
   ],
   "execution_count": 23
  },
  {
   "metadata": {
    "ExecuteTime": {
     "end_time": "2024-10-05T06:19:21.781183Z",
     "start_time": "2024-10-05T06:19:21.762868Z"
    }
   },
   "cell_type": "code",
   "source": [
    "user_similarity_matrix = cosine_similarity(rating_matrix)\n",
    "print(user_similarity_matrix)"
   ],
   "id": "a1b9c4dcce904205",
   "outputs": [
    {
     "name": "stdout",
     "output_type": "stream",
     "text": [
      "[[1.         0.45528831 0.38560539 0.2720037  0.31983015 0.3683129\n",
      "  0.43566659 0.36335261 0.41485479 0.34899904 0.27724886 0.31945277\n",
      "  0.39451833 0.3028326  0.32850708 0.39386318 0.3717176  0.3149187\n",
      "  0.27974891 0.33389486 0.38510531 0.40528187 0.35972321 0.29492753\n",
      "  0.37991988 0.44381607 0.236439   0.3511042  0.4314555  0.27106466]\n",
      " [0.45528831 1.         0.323326   0.34451443 0.42592367 0.41879187\n",
      "  0.4154972  0.42293442 0.48331136 0.37037555 0.37420681 0.2757359\n",
      "  0.32593471 0.42350675 0.41160649 0.26490647 0.38257837 0.31098316\n",
      "  0.33263102 0.34235128 0.4262088  0.34641202 0.44637218 0.27707964\n",
      "  0.34653853 0.36483827 0.49854439 0.26625622 0.39901194 0.31753027]\n",
      " [0.38560539 0.323326   1.         0.36360512 0.35058105 0.2502096\n",
      "  0.24569325 0.31404128 0.27728175 0.26003301 0.37061666 0.31031093\n",
      "  0.22149894 0.41962647 0.31872838 0.24410577 0.18433358 0.21762133\n",
      "  0.4159336  0.22316954 0.3038137  0.28730055 0.23434585 0.26909052\n",
      "  0.28523853 0.32018175 0.22756569 0.41302266 0.41571284 0.22948824]\n",
      " [0.2720037  0.34451443 0.36360512 1.         0.46220814 0.32025545\n",
      "  0.30350274 0.27449566 0.38102507 0.32984962 0.30528414 0.40272709\n",
      "  0.37605313 0.42583403 0.42359099 0.34680359 0.38252504 0.25849213\n",
      "  0.35109338 0.25666702 0.37368075 0.32570368 0.47253662 0.28069179\n",
      "  0.28804609 0.38448656 0.44347513 0.50200646 0.31874056 0.36580347]\n",
      " [0.31983015 0.42592367 0.35058105 0.46220814 1.         0.33137808\n",
      "  0.37360353 0.46885176 0.48386242 0.42342564 0.39878679 0.27626938\n",
      "  0.30181983 0.46065181 0.5683757  0.31561041 0.34400383 0.28850447\n",
      "  0.29909257 0.29576088 0.37798531 0.40850369 0.52253238 0.33089213\n",
      "  0.40248051 0.3339105  0.34210633 0.28612437 0.38673736 0.29052341]\n",
      " [0.3683129  0.41879187 0.2502096  0.32025545 0.33137808 1.\n",
      "  0.3686836  0.24586728 0.31717365 0.41764548 0.39995157 0.45134602\n",
      "  0.34270029 0.27828542 0.28696741 0.37098562 0.43295196 0.55722235\n",
      "  0.33609653 0.41021812 0.2775033  0.26991792 0.34311764 0.62467501\n",
      "  0.31046539 0.30412744 0.46025788 0.3307103  0.38264407 0.50118343]\n",
      " [0.43566659 0.4154972  0.24569325 0.30350274 0.37360353 0.3686836\n",
      "  1.         0.53776144 0.44817835 0.47592649 0.50396371 0.33170017\n",
      "  0.38636845 0.33989106 0.36573395 0.31686213 0.35017328 0.33536862\n",
      "  0.29808627 0.34686724 0.38549291 0.45646781 0.31430667 0.36456508\n",
      "  0.3822653  0.43639337 0.35570147 0.35420812 0.33222914 0.27186181]\n",
      " [0.36335261 0.42293442 0.31404128 0.27449566 0.46885176 0.24586728\n",
      "  0.53776144 1.         0.51776303 0.33548301 0.4576916  0.28791688\n",
      "  0.33843608 0.36092225 0.62138272 0.32659863 0.41991707 0.21735022\n",
      "  0.44171238 0.32513088 0.39589866 0.45009003 0.37825544 0.30500601\n",
      "  0.2882184  0.43603335 0.30809364 0.27450541 0.3376919  0.313967  ]\n",
      " [0.41485479 0.48331136 0.27728175 0.38102507 0.48386242 0.31717365\n",
      "  0.44817835 0.51776303 1.         0.31256312 0.34638631 0.21479622\n",
      "  0.35369254 0.53284971 0.60119699 0.28087912 0.45771661 0.20561646\n",
      "  0.21992963 0.34062415 0.40238316 0.55051854 0.35081875 0.22624167\n",
      "  0.37909777 0.34045546 0.28814899 0.29017953 0.36106205 0.21094981]\n",
      " [0.34899904 0.37037555 0.26003301 0.32984962 0.42342564 0.41764548\n",
      "  0.47592649 0.33548301 0.31256312 1.         0.40684468 0.43401397\n",
      "  0.43818922 0.37356435 0.30738692 0.35685784 0.39687084 0.34141503\n",
      "  0.26751653 0.55066797 0.4366871  0.42018332 0.43011326 0.52576232\n",
      "  0.48385687 0.33009639 0.4677766  0.26636303 0.41675712 0.45698118]\n",
      " [0.27724886 0.37420681 0.37061666 0.30528414 0.39878679 0.39995157\n",
      "  0.50396371 0.4576916  0.34638631 0.40684468 1.         0.31948282\n",
      "  0.32794219 0.30938455 0.29419771 0.26508044 0.21024967 0.32756567\n",
      "  0.32812228 0.26161643 0.38128766 0.3409569  0.27500744 0.36025768\n",
      "  0.26362336 0.2607699  0.3777238  0.30097477 0.39299694 0.34032964]\n",
      " [0.31945277 0.2757359  0.31031093 0.40272709 0.27626938 0.45134602\n",
      "  0.33170017 0.28791688 0.21479622 0.43401397 0.31948282 1.\n",
      "  0.47768161 0.30264899 0.26991661 0.37273425 0.33197867 0.28964182\n",
      "  0.42360967 0.43407463 0.40900091 0.25841373 0.50426649 0.58323829\n",
      "  0.51007163 0.31596301 0.38228804 0.47047889 0.35060045 0.53033009]\n",
      " [0.39451833 0.32593471 0.22149894 0.37605313 0.30181983 0.34270029\n",
      "  0.38636845 0.33843608 0.35369254 0.43818922 0.32794219 0.47768161\n",
      "  1.         0.38891865 0.31884895 0.45542296 0.31569045 0.36865242\n",
      "  0.28499974 0.40205567 0.40149662 0.30653875 0.32694895 0.41616677\n",
      "  0.34165648 0.45765199 0.44948291 0.4369751  0.30653816 0.33777191]\n",
      " [0.3028326  0.42350675 0.41962647 0.42583403 0.46065181 0.27828542\n",
      "  0.33989106 0.36092225 0.53284971 0.37356435 0.30938455 0.30264899\n",
      "  0.38891865 1.         0.57490172 0.28879795 0.37995091 0.27163419\n",
      "  0.31795264 0.44606073 0.44252178 0.52476561 0.41536232 0.31915028\n",
      "  0.40977469 0.29086606 0.36778689 0.4652402  0.25287463 0.30654793]\n",
      " [0.32850708 0.41160649 0.31872838 0.42359099 0.5683757  0.28696741\n",
      "  0.36573395 0.62138272 0.60119699 0.30738692 0.29419771 0.26991661\n",
      "  0.31884895 0.57490172 1.         0.2860929  0.42535844 0.29044903\n",
      "  0.36965499 0.37498125 0.26961109 0.36798396 0.35441836 0.25474065\n",
      "  0.49828791 0.33966978 0.32897801 0.26118978 0.29718877 0.26554416]\n",
      " [0.39386318 0.26490647 0.24410577 0.34680359 0.31561041 0.37098562\n",
      "  0.31686213 0.32659863 0.28087912 0.35685784 0.26508044 0.37273425\n",
      "  0.45542296 0.28879795 0.2860929  1.         0.34605025 0.38758512\n",
      "  0.34015616 0.39192768 0.27035447 0.32013069 0.34336216 0.44017177\n",
      "  0.25194082 0.45251983 0.31256007 0.2941742  0.33906635 0.47665633]\n",
      " [0.3717176  0.38257837 0.18433358 0.38252504 0.34400383 0.43295196\n",
      "  0.35017328 0.41991707 0.45771661 0.39687084 0.21024967 0.33197867\n",
      "  0.31569045 0.37995091 0.42535844 0.34605025 1.         0.37025526\n",
      "  0.27143569 0.56008234 0.41332697 0.40202894 0.43652716 0.2481124\n",
      "  0.40968996 0.2910068  0.34645094 0.28459952 0.323178   0.40845521]\n",
      " [0.3149187  0.31098316 0.21762133 0.25849213 0.28850447 0.55722235\n",
      "  0.33536862 0.21735022 0.20561646 0.34141503 0.32756567 0.28964182\n",
      "  0.36865242 0.27163419 0.29044903 0.38758512 0.37025526 1.\n",
      "  0.22580678 0.37271203 0.39425932 0.25991591 0.33491687 0.3865552\n",
      "  0.3575149  0.33728836 0.37406213 0.38493102 0.30327016 0.61442308]\n",
      " [0.27974891 0.33263102 0.4159336  0.35109338 0.29909257 0.33609653\n",
      "  0.29808627 0.44171238 0.21992963 0.26751653 0.32812228 0.42360967\n",
      "  0.28499974 0.31795264 0.36965499 0.34015616 0.27143569 0.22580678\n",
      "  1.         0.23703924 0.28113609 0.26433636 0.29401961 0.31270365\n",
      "  0.2047202  0.21436901 0.30884989 0.43257338 0.35765097 0.39789279]\n",
      " [0.33389486 0.34235128 0.22316954 0.25666702 0.29576088 0.41021812\n",
      "  0.34686724 0.32513088 0.34062415 0.55066797 0.26161643 0.43407463\n",
      "  0.40205567 0.44606073 0.37498125 0.39192768 0.56008234 0.37271203\n",
      "  0.23703924 1.         0.41104939 0.35925281 0.46404529 0.39756901\n",
      "  0.47144999 0.30578456 0.3435857  0.25841986 0.35425446 0.43766958]\n",
      " [0.38510531 0.4262088  0.3038137  0.37368075 0.37798531 0.2775033\n",
      "  0.38549291 0.39589866 0.40238316 0.4366871  0.38128766 0.40900091\n",
      "  0.40149662 0.44252178 0.26961109 0.27035447 0.41332697 0.39425932\n",
      "  0.28113609 0.41104939 1.         0.37797887 0.5344049  0.34194621\n",
      "  0.38869018 0.31221176 0.46959936 0.41494596 0.33110886 0.37572233]\n",
      " [0.40528187 0.34641202 0.28730055 0.32570368 0.40850369 0.26991792\n",
      "  0.45646781 0.45009003 0.55051854 0.42018332 0.3409569  0.25841373\n",
      "  0.30653875 0.52476561 0.36798396 0.32013069 0.40202894 0.25991591\n",
      "  0.26433636 0.35925281 0.37797887 1.         0.39620911 0.33259933\n",
      "  0.31574708 0.32054863 0.28311766 0.32512518 0.39809973 0.27889773]\n",
      " [0.35972321 0.44637218 0.23434585 0.47253662 0.52253238 0.34311764\n",
      "  0.31430667 0.37825544 0.35081875 0.43011326 0.27500744 0.50426649\n",
      "  0.32694895 0.41536232 0.35441836 0.34336216 0.43652716 0.33491687\n",
      "  0.29401961 0.46404529 0.5344049  0.39620911 1.         0.41844312\n",
      "  0.44054463 0.27939717 0.37789191 0.49464965 0.30847001 0.4207529 ]\n",
      " [0.29492753 0.27707964 0.26909052 0.28069179 0.33089213 0.62467501\n",
      "  0.36456508 0.30500601 0.22624167 0.52576232 0.36025768 0.58323829\n",
      "  0.41616677 0.31915028 0.25474065 0.44017177 0.2481124  0.3865552\n",
      "  0.31270365 0.39756901 0.34194621 0.33259933 0.41844312 1.\n",
      "  0.42441631 0.27438513 0.46333285 0.41880342 0.35464737 0.42524234]\n",
      " [0.37991988 0.34653853 0.28523853 0.28804609 0.40248051 0.31046539\n",
      "  0.3822653  0.2882184  0.37909777 0.48385687 0.26362336 0.51007163\n",
      "  0.34165648 0.40977469 0.49828791 0.25194082 0.40968996 0.3575149\n",
      "  0.2047202  0.47144999 0.38869018 0.31574708 0.44054463 0.42441631\n",
      "  1.         0.20971411 0.29114075 0.33256502 0.28432762 0.3586374 ]\n",
      " [0.44381607 0.36483827 0.32018175 0.38448656 0.3339105  0.30412744\n",
      "  0.43639337 0.43603335 0.34045546 0.33009639 0.2607699  0.31596301\n",
      "  0.45765199 0.29086606 0.33966978 0.45251983 0.2910068  0.33728836\n",
      "  0.21436901 0.30578456 0.31221176 0.32054863 0.27939717 0.27438513\n",
      "  0.20971411 1.         0.29448545 0.30868327 0.27710532 0.24272745]\n",
      " [0.236439   0.49854439 0.22756569 0.44347513 0.34210633 0.46025788\n",
      "  0.35570147 0.30809364 0.28814899 0.4677766  0.3777238  0.38228804\n",
      "  0.44948291 0.36778689 0.32897801 0.31256007 0.34645094 0.37406213\n",
      "  0.30884989 0.3435857  0.46959936 0.28311766 0.37789191 0.46333285\n",
      "  0.29114075 0.29448545 1.         0.32807419 0.4512415  0.46657707]\n",
      " [0.3511042  0.26625622 0.41302266 0.50200646 0.28612437 0.3307103\n",
      "  0.35420812 0.27450541 0.29017953 0.26636303 0.30097477 0.47047889\n",
      "  0.4369751  0.4652402  0.26118978 0.2941742  0.28459952 0.38493102\n",
      "  0.43257338 0.25841986 0.41494596 0.32512518 0.49464965 0.41880342\n",
      "  0.33256502 0.30868327 0.32807419 1.         0.29667616 0.3519247 ]\n",
      " [0.4314555  0.39901194 0.41571284 0.31874056 0.38673736 0.38264407\n",
      "  0.33222914 0.3376919  0.36106205 0.41675712 0.39299694 0.35060045\n",
      "  0.30653816 0.25287463 0.29718877 0.33906635 0.323178   0.30327016\n",
      "  0.35765097 0.35425446 0.33110886 0.39809973 0.30847001 0.35464737\n",
      "  0.28432762 0.27710532 0.4512415  0.29667616 1.         0.37735271]\n",
      " [0.27106466 0.31753027 0.22948824 0.36580347 0.29052341 0.50118343\n",
      "  0.27186181 0.313967   0.21094981 0.45698118 0.34032964 0.53033009\n",
      "  0.33777191 0.30654793 0.26554416 0.47665633 0.40845521 0.61442308\n",
      "  0.39789279 0.43766958 0.37572233 0.27889773 0.4207529  0.42524234\n",
      "  0.3586374  0.24272745 0.46657707 0.3519247  0.37735271 1.        ]]\n"
     ]
    }
   ],
   "execution_count": 25
  },
  {
   "metadata": {
    "ExecuteTime": {
     "end_time": "2024-10-05T06:19:24.622081Z",
     "start_time": "2024-10-05T06:19:24.611065Z"
    }
   },
   "cell_type": "code",
   "source": [
    "def predict_item_based(user_id, item_id):\n",
    "    rated_items = rating_matrix.loc[user_id].dropna().index\n",
    "    similarities = item_similarity_matrix[rating_matrix.columns.get_loc(item_id)]\n",
    "    numerator = 0\n",
    "    denominator = 0\n",
    "    for rated_item in rated_items:\n",
    "        similarity = similarities[rating_matrix.columns.get_loc(rated_item)]\n",
    "        rating = rating_matrix.loc[user_id, rated_item]\n",
    "        numerator += rating * similarity\n",
    "        denominator += similarity\n",
    "    if denominator == 0:\n",
    "        return None\n",
    "    return numerator / denominator"
   ],
   "id": "313833f8833f1306",
   "outputs": [],
   "execution_count": 26
  },
  {
   "metadata": {
    "ExecuteTime": {
     "end_time": "2024-10-05T06:19:26.986774Z",
     "start_time": "2024-10-05T06:19:26.969105Z"
    }
   },
   "cell_type": "code",
   "source": [
    "def predict_user_based(user_id, item_id):\n",
    "    similar_users = user_similarity_matrix[user_id].dropna().index\n",
    "    numerator = 0\n",
    "    denominator = 0\n",
    "    for similar_user in similar_users:\n",
    "        similarity = user_similarity_matrix[user_id][similar_user]\n",
    "        rating = rating_matrix.loc[similar_user, item_id]\n",
    "        if pd.notna(rating):\n",
    "            numerator += rating * similarity\n",
    "            denominator += similarity\n",
    "    if denominator == 0:\n",
    "        return None\n",
    "    return numerator / denominator"
   ],
   "id": "fa72a823f88d9289",
   "outputs": [],
   "execution_count": 27
  },
  {
   "metadata": {
    "ExecuteTime": {
     "end_time": "2024-10-05T06:19:29.682716Z",
     "start_time": "2024-10-05T06:19:29.673895Z"
    }
   },
   "cell_type": "code",
   "source": [
    "def recommend_item_based(user_id):\n",
    "    unrated_items = rating_matrix.columns[rating_matrix.loc[user_id].isna()]\n",
    "    recommendations = []\n",
    "    for item_id in unrated_items:\n",
    "        prediction = predict_item_based(user_id, item_id)\n",
    "        if prediction is not None:\n",
    "            recommendations.append((item_id, prediction))\n",
    "    recommendations.sort(key=lambda x: x[1], reverse=True)\n",
    "    return [item_id for item_id, prediction in recommendations[:10]]"
   ],
   "id": "b319ac1b36c1aa76",
   "outputs": [],
   "execution_count": 28
  },
  {
   "metadata": {
    "ExecuteTime": {
     "end_time": "2024-10-05T06:19:31.565059Z",
     "start_time": "2024-10-05T06:19:31.555584Z"
    }
   },
   "cell_type": "code",
   "source": [
    "def recommend_user_based(user_id):\n",
    "    unrated_items = rating_matrix.columns[rating_matrix.loc[user_id].isna()]\n",
    "    recommendations = []\n",
    "    for item_id in unrated_items:\n",
    "        prediction = predict_user_based(user_id, item_id)\n",
    "        if prediction is not None:\n",
    "            recommendations.append((item_id, prediction))\n",
    "    recommendations.sort(key=lambda x: x[1], reverse=True)\n",
    "    return [item_id for item_id, prediction in recommendations[:10]]"
   ],
   "id": "8dac2523c5188aaa",
   "outputs": [],
   "execution_count": 29
  },
  {
   "metadata": {
    "ExecuteTime": {
     "end_time": "2024-10-05T06:19:33.405522Z",
     "start_time": "2024-10-05T06:19:33.388218Z"
    }
   },
   "cell_type": "code",
   "source": [
    "from sklearn.model_selection import train_test_split\n",
    "from math import sqrt\n",
    "\n",
    "train_data, test_data = train_test_split(a1, test_size=0.2)\n",
    "train_matrix = train_data.pivot_table(index='用户', columns='电影', values='打分')\n",
    "test_matrix = test_data.pivot_table(index='用户', columns='电影', values='打分')\n",
    "\n",
    "def evaluate_item_based():\n",
    "    errors = []\n",
    "    for _, row in test_data.iterrows():\n",
    "        user_id = row['用户']\n",
    "        item_id = row['电影']\n",
    "        actual_rating = row['打分']\n",
    "        prediction = predict_item_based(user_id, item_id)\n",
    "        if prediction is not None:\n",
    "            error = (actual_rating - prediction) ** 2\n",
    "            errors.append(error)\n",
    "    if len(errors) == 0:\n",
    "        return None\n",
    "    return sqrt(sum(errors) / len(errors))"
   ],
   "id": "641e8d56f03d682a",
   "outputs": [],
   "execution_count": 30
  },
  {
   "metadata": {
    "ExecuteTime": {
     "end_time": "2024-10-05T06:19:36.110924Z",
     "start_time": "2024-10-05T06:19:36.105095Z"
    }
   },
   "cell_type": "code",
   "source": [
    "def evaluate_user_based():\n",
    "    errors = []\n",
    "    for _, row in test_data.iterrows():\n",
    "        user_id = row['用户']\n",
    "        item_id = row['电影']\n",
    "        actual_rating = row['打分']\n",
    "        prediction = predict_user_based(user_id, item_id)\n",
    "        if prediction is not None:\n",
    "            error = (actual_rating - prediction) ** 2\n",
    "            errors.append(error)\n",
    "    if len(errors) == 0:\n",
    "        return None\n",
    "    return sqrt(sum(errors) / len(errors))"
   ],
   "id": "66c76cf35a4acc39",
   "outputs": [],
   "execution_count": 31
  },
  {
   "metadata": {
    "ExecuteTime": {
     "end_time": "2024-10-05T06:19:37.512690Z",
     "start_time": "2024-10-05T06:19:37.505423Z"
    }
   },
   "cell_type": "code",
   "source": [
    "import numpy as np\n",
    "\n",
    "def sigmoid(z):\n",
    "    return 1 / (1 + np.exp(-z))\n",
    "\n",
    "def cost_function(X, y, theta):\n",
    "    m = len(y)\n",
    "    h = sigmoid(X.dot(theta))\n",
    "    cost = (-1/m) * np.sum(y * np.log(h) + (1 - y) * np.log(1 - h))\n",
    "    return cost\n",
    "\n",
    "def gradient_descent(X, y, theta, alpha, iterations):\n",
    "    m = len(y)\n",
    "    costs = []\n",
    "    for _ in range(iterations):\n",
    "        h = sigmoid(X.dot(theta))\n",
    "        error = h - y\n",
    "        gradient = X.T.dot(error) / m\n",
    "        theta = theta - alpha * gradient\n",
    "        cost = cost_function(X, y, theta)\n",
    "        costs.append(cost)\n",
    "    return theta, costs"
   ],
   "id": "a6078c311167a992",
   "outputs": [],
   "execution_count": 32
  },
  {
   "metadata": {
    "ExecuteTime": {
     "end_time": "2024-10-05T06:19:39.373688Z",
     "start_time": "2024-10-05T06:19:39.340801Z"
    }
   },
   "cell_type": "code",
   "source": [
    "# 假设 X 是特征矩阵，y 是标签向量\n",
    "X = np.array([[1, 2], [2, 3], [3, 4]])\n",
    "y = np.array([0, 1, 1])\n",
    "theta = np.zeros(X.shape[1])\n",
    "alpha = 0.01\n",
    "iterations = 1000\n",
    "theta, costs = gradient_descent(X, y, theta, alpha, iterations)\n",
    "print(\"最终的参数：\", theta)"
   ],
   "id": "37aba8f6621390e2",
   "outputs": [
    {
     "name": "stdout",
     "output_type": "stream",
     "text": [
      "最终的参数： [ 0.8106436  -0.12011231]\n"
     ]
    }
   ],
   "execution_count": 33
  }
 ],
 "metadata": {
  "kernelspec": {
   "display_name": "Python 3",
   "language": "python",
   "name": "python3"
  },
  "language_info": {
   "codemirror_mode": {
    "name": "ipython",
    "version": 2
   },
   "file_extension": ".py",
   "mimetype": "text/x-python",
   "name": "python",
   "nbconvert_exporter": "python",
   "pygments_lexer": "ipython2",
   "version": "2.7.6"
  }
 },
 "nbformat": 4,
 "nbformat_minor": 5
}
